dimensions 7 7 7

 0.000000 -1.215489 -1.136743 -0.466969  0.000000 -0.012596 -0.349613
 0.000000 -1.059493  0.000000  0.000000  0.000000  0.000000 -1.545338
 0.000000 -3.475534 -1.365097  0.000000  0.000000  0.000000 -0.742205
 0.000000  0.000000  0.000000 -0.750206 -0.984776  0.000000 -1.817199
 0.000000  0.000000 -0.371267 -0.047415  0.000000 -0.035298 -0.076485
 0.000000 -1.802620 -0.316607 -1.061434 -0.513927  0.000000 -1.610983
 0.000000 -2.889287 -0.608934  0.000000  0.000000  0.000000 -1.597368

 0.000000  0.000000  0.000000  0.000000 -0.071275 -1.385595  0.250042
 0.000000  0.000000 -1.141326 -0.706989 -0.448233  0.000000 -0.630867
 0.000000  0.000000  0.000000 -1.807510  0.000000  0.000000 -1.055759
 0.000000  0.000000  0.000000  0.000000  0.000000 -0.782293 -0.465747
 0.000000  0.000000  0.000000 -0.919775 -0.543629  0.000000  1.937102
 0.000000  0.000000  0.000000  0.000000  0.000000  0.000000 -1.584572
 0.000000 -3.376081  0.000000  0.000000 -0.167616  0.000000 -0.595422

 0.000000 -4.144555 -2.489567  0.000000  0.000000  0.000000  1.507612
 0.000000 -1.576651 -0.392191  0.000000 -0.882752 -2.278634  1.711999
 0.000000 -1.611462  0.000000 -0.945814 -2.556366 -0.212583 -2.179704
 0.000000 -0.800966 -0.638797  0.000000  0.000000  0.000000  0.087107
 0.000000 -2.818643 -1.875540 -0.718136  0.000000  0.000000  0.587099
 0.000000 -1.428961 -0.332490  0.000000  0.000000  0.000000 -1.072449
 0.000000  0.000000  0.000000 -0.337677 -1.861420  0.000000  0.771518

 0.000000  0.000000  0.000000  0.000000  0.000000 -1.271887  0.243047
 0.000000  0.000000 -0.957496 -0.823294 -0.635786  0.000000 -1.070348
 0.000000 -0.915763  0.000000  0.000000  0.000000  0.000000  0.643345
 0.000000  0.000000  0.000000 -1.311630 -0.515165  0.000000 -1.170795
 0.000000 -2.098830 -0.004509  0.000000 -1.651932 -0.292581  0.973461
 0.000000  0.000000 -2.225313 -1.068923  0.000000  0.000000 -0.114508
 0.000000  0.000000  0.000000  0.000000  0.000000  0.000000  0.474382

 0.000000  0.000000  0.000000  0.000000  0.000000  0.000000 -0.665855
 0.000000  0.000000  0.000000 -1.269497 -2.431169 -0.537160 -1.135087
 0.000000 -1.920194 -2.272697 -0.349633 -0.708037 -0.236135  0.608304
 0.000000  0.000000  0.000000 -1.450248 -0.619207  0.000000  1.231808
 0.000000  0.000000 -0.233813 -3.113441 -2.844712 -0.750151  1.063343
 0.000000  0.000000  0.000000  0.000000  0.000000  0.000000  1.785061
 0.000000  0.000000  0.000000 -0.266377 -0.844379 -1.537831 -1.446305

 0.000000  0.000000  0.000000  0.000000 -0.257661 -0.062004 -2.449870
 0.000000 -1.596020 -1.000000 -1.497414 -0.924708 -0.597185 -2.103977
 0.000000 -0.378465 -1.464580  0.000000  0.000000 -1.451306  1.115773
 0.000000  0.000000 -0.309469 -2.050974 -2.301830 -1.202277 -1.389432
 0.000000 -2.724701 -1.408302 -1.012816 -1.625123  0.000000 -0.345719
 0.000000 -2.308512 -2.917751 -2.540803 -1.154642 -0.194779 -0.830275
 0.000000  0.000000  0.000000 -0.944376 -2.672003 -1.581935 -0.958421

 0.000000  0.000000  0.000000 -1.519138 -0.151828  0.000000  0.429781
 0.000000 -0.242640 -1.609156  0.000000 -1.099738 -1.437107 -0.405244
 0.000000  0.000000 -0.173102  0.000000  0.000000  0.000000 -1.124130
 0.000000 -3.336642 -3.260758  0.000000  0.000000  0.000000 -0.622961
 0.000000 -0.340332  0.000000 -1.154582 -0.653676  0.000000 -2.179259
 0.000000 -2.031022 -0.535153  0.000000  0.000000  0.000000  0.285222
 0.000000  0.000000 -1.859945 -2.388224 -1.982618 -1.449931  0.917896

