dimensions 7 7 7

 2.998878  0.000000  0.000000 -0.361133  0.000000 -1.293941  0.000000
 2.063533 -1.651882 -2.860009 -1.081146 -1.032411  0.000000  0.000000
 1.920924  0.000000 -0.800832 -0.500500 -0.749368  0.000000  0.000000
-3.069017 -0.615773  0.000000  0.000000 -0.585077  0.000000  0.000000
-3.249518  0.000000  0.000000 -0.435931  0.000000  0.000000  0.000000
 3.510116  0.000000  0.000000  0.000000 -0.431371  0.000000  0.000000
 1.370785  0.000000 -1.602975 -1.663475 -2.454134  0.000000  0.000000

 1.308073 -3.255310 -2.037394  0.000000  0.000000  0.000000  0.000000
-4.498904  0.000000  0.000000  0.000000 -1.083753  0.000000  0.000000
-1.714762 -0.021612  0.000000 -0.820286 -0.435974  0.000000  0.000000
-0.712619 -2.807384 -2.946016 -0.992792  0.000000  0.000000  0.000000
-3.888768 -2.953701  0.000000  0.000000 -0.084656  0.000000  0.000000
-4.662341 -1.346695 -0.290007 -1.774371 -2.831061  0.000000  0.000000
 2.366352 -0.437715 -0.167320  0.000000 -2.844441  0.000000  0.000000

 1.959926  0.000000 -0.151229 -2.014549 -1.336194 -1.026570  0.000000
 1.069535  0.000000 -0.430387  0.000000  0.000000  0.000000  0.000000
 3.758327 -1.607206  0.000000  0.000000  0.000000  0.000000  0.000000
-0.320056  0.000000 -0.755983 -1.154030 -1.173041  0.000000  0.000000
 0.087039  0.000000  0.000000 -0.710747 -0.942189  0.000000  0.000000
-0.708904  0.000000 -2.218598 -1.071315 -1.546493  0.000000  0.000000
-6.327846 -2.809419  0.000000  0.000000 -0.288838  0.000000  0.000000

-5.681287 -2.873681 -3.279645 -1.819111  0.000000  0.000000  0.000000
-3.326829  0.000000  0.000000  0.000000 -0.208840  0.000000  0.000000
 2.699037 -2.167452 -1.252421 -0.618580 -0.212829  0.000000  0.000000
-3.105803 -0.575382  0.000000  0.000000 -2.174109  0.000000  0.000000
 0.110467  0.000000 -0.310133  0.000000  0.000000  0.000000  0.000000
-4.040101  0.000000  0.000000 -2.141204 -1.886470  0.000000  0.000000
-4.504756 -1.920388 -1.682730 -0.145464 -0.406092  0.000000  0.000000

-4.203554 -0.691967 -2.219168 -1.617945 -0.022807  0.000000  0.000000
-5.122445 -2.498184  0.000000  0.000000  0.000000  0.000000  0.000000
-1.163343  0.000000  0.000000  0.000000  0.000000  0.000000  0.000000
-4.812683 -1.237907  0.000000  0.000000 -1.097027  0.000000  0.000000
-2.910613  0.000000  0.000000  0.000000  0.000000  0.000000  0.000000
-1.364028 -0.456259 -0.627801 -0.298302 -0.170041  0.000000  0.000000
-4.970132 -0.861119  0.000000  0.000000  0.000000  0.000000  0.000000

 1.333966 -4.353055 -2.778775  0.000000  0.000000  0.000000  0.000000
 3.567342  0.000000  0.000000  0.000000  0.000000  0.000000  0.000000
-1.128052  0.000000 -1.106220 -1.000679  0.000000  0.000000  0.000000
-2.036316  0.000000  0.000000  0.000000  0.000000  0.000000  0.000000
 1.585301  0.000000  0.000000  0.000000 -0.592763  0.000000  0.000000
 0.250103  0.000000  0.000000  0.000000  0.000000  0.000000  0.000000
-6.743137 -3.014208  0.000000  0.000000  0.000000  0.000000  0.000000

-1.466262 -0.396390  0.000000  0.000000 -1.103826 -2.245476  0.000000
-3.667277  0.000000 -0.144337  0.000000  0.000000  0.000000  0.000000
-2.969074  0.000000 -0.080594 -1.137497 -2.182777  0.000000  0.000000
 1.164570  0.000000 -0.086434 -1.909100 -1.088028  0.000000  0.000000
 3.869509 -2.085388  0.000000  0.000000 -1.467023  0.000000  0.000000
 2.931152  0.000000 -1.320791 -2.697181 -1.945410  0.000000  0.000000
-3.203163  0.000000  0.000000  0.000000  0.000000  0.000000  0.000000

