dimensions 7 7 7

-23.998626  -6.610724   0.819937   0.039764  10.834451 -17.144231   3.332366
-11.732545   7.937082  -3.420135  -0.396181  -1.070538   2.836333   1.551600
 -3.040391  -1.425930 -11.528093   3.502047   2.641793   5.676510   2.324682
  3.976930  10.803645  -5.796104   5.784837   0.989919   7.962235  10.541971
 11.272924   1.722151   5.537589   0.228185   0.405440   3.242672   3.260053
-19.452913  -8.948826   5.257552   2.524541  -1.607145   2.777288   7.657622
 -3.845218  17.655139   5.172841   5.333056 -12.451421  -0.029093  15.918362

-12.800712   1.820933   1.331656   3.312761   3.696612   2.875197  -4.508845
  6.316472   5.663012   4.604998  -2.846133  -0.706392   3.889560   0.948343
  0.093148   3.139503   2.489025  -0.548183   6.063901   1.671377   4.350174
 -0.797156   0.379671  -3.432660   4.011615   2.377835   2.224652   1.609226
  0.150568  -0.021926   6.509695   4.112458   2.154555  -1.504675  -6.818557
 -1.131089   3.396959   4.406730   0.784106   0.315776   7.430562   6.972999
 -4.235608   3.328618   4.577536   5.343712 -10.449495   8.507536   7.585745

 -1.822877   1.584551 -11.849070   0.689909   3.971777   7.700356  -4.867715
  2.087352   1.674007   0.010522   1.646390   8.326763   1.282969  -3.651134
-10.228887  -2.467981   7.480495   1.357456   1.850777  -4.437197  12.065179
 -0.700888   3.015428   2.791999   1.023811  -1.165797   3.150117   1.865697
  1.747914   8.313493   1.437146   1.875034   2.876748   0.026014  -0.919913
  5.192680   2.762679  -2.868116   3.343743   1.978414   4.360710   4.906621
  0.296772  -4.018111   9.102648   2.560672   1.167763   3.147633   0.176722

 5.117479  8.215623 -8.500893  8.125318  7.608942  9.130071  1.486109
10.402671  3.605474 -2.063622  3.093450  0.406424  2.410707  3.357066
-9.999038  0.130951  4.226542  2.001538 -0.682617  2.294666  0.257668
 5.779529  2.175284  2.979264  1.734760  2.086949 -2.345498  6.092007
 5.418326  2.525115  0.822874  0.651456  3.849904  0.282132 -2.142892
10.619822  5.796246  1.688811  1.983595  0.986017  3.967075  3.143928
 2.127303  4.382863 -2.897401  3.258875 -1.591444 -0.212709 -0.029055

11.365187  0.472835  1.779233  0.841236  3.416402  3.126606  3.290721
 2.943258  0.662540  6.496426  6.231149  2.842152 -1.580095  2.062830
 4.643710  8.759287  1.023514  3.380525  3.450787 -0.813381 -0.981216
 4.656592  4.259739  3.863705 -0.784036  2.424466  1.259471 -2.889748
 2.386693  3.529749  4.024825  0.999028  2.526049  0.191433  0.378298
 4.006442  0.775138  1.312742  1.050209 -1.828207  0.058091 -0.989545
 4.131188  6.520368 -0.982910 -0.630576 -1.628953 -4.289976  9.989733

-20.020564 -15.623721   7.615676   8.568575  -1.743949   2.752694  12.687837
-12.577128   3.210438   3.713134   2.401127   2.326502   5.797253   9.789348
  6.236881   3.324726  -2.212439   3.332051   4.496781   4.229724   0.777118
  4.422678   2.587182   2.476600   7.104344   3.173650   2.976695   7.377717
 -1.801751   2.251083   3.657386   4.150990  -1.185525   0.898213   2.775100
  1.965117   4.005476   3.201566   2.708213  -0.462461   0.889936   3.734035
  9.298465   7.255239   2.464426   7.985253   5.629805   4.133404   5.541394

 -7.528150  17.386020  10.655780   5.723979 -13.822103  -2.373731  11.286780
 11.087003   5.436207   4.210559   6.369509  -6.072255   5.181525   5.864607
  1.841404  -3.790749   6.140117  -1.403946   0.287218   3.724183   3.700057
 -3.287787   8.117349  -3.011976  -0.279542  -1.467663  -0.220137   2.654941
-11.580286   2.809132   0.225915  -2.214520  -6.008062  -3.395957  12.108629
 -1.255050   7.846404  -3.524436   2.794926   3.260430   4.191517   2.007580
  5.208242   5.314824  10.002208   6.424698  14.227526  -0.156795  -7.960632

