dimensions 7 7 7

 0.000000  0.000000  0.000000  0.000000  0.000000  0.000000  0.000000
-1.215489 -1.059493 -3.475534  0.000000  0.000000 -1.802620 -2.889287
-1.136743  0.000000 -1.365097  0.000000 -0.371267 -0.316607 -0.608934
-0.466969  0.000000  0.000000 -0.750206 -0.047415 -1.061434  0.000000
 0.000000  0.000000  0.000000 -0.984776  0.000000 -0.513927  0.000000
-0.012596  0.000000  0.000000  0.000000 -0.035298  0.000000  0.000000
 0.000000  0.000000  0.000000  0.000000 -0.637788 -0.176747  0.000000

 0.000000  0.000000  0.000000  0.000000  0.000000  0.000000  0.000000
 0.000000  0.000000  0.000000  0.000000  0.000000  0.000000 -3.376081
 0.000000 -1.141326  0.000000  0.000000  0.000000  0.000000  0.000000
 0.000000 -0.706989 -1.807510  0.000000 -0.919775  0.000000  0.000000
-0.071275 -0.448233  0.000000  0.000000 -0.543629  0.000000 -0.167616
-1.385595  0.000000  0.000000 -0.782293  0.000000  0.000000  0.000000
-0.478806  0.000000 -1.304832 -0.834712  0.000000  0.000000  0.000000

 0.000000  0.000000  0.000000  0.000000  0.000000  0.000000  0.000000
-4.144555 -1.576651 -1.611462 -0.800966 -2.818643 -1.428961  0.000000
-2.489567 -0.392191  0.000000 -0.638797 -1.875540 -0.332490  0.000000
 0.000000  0.000000 -0.945814  0.000000 -0.718136  0.000000 -0.337677
 0.000000 -0.882752 -2.556366  0.000000  0.000000  0.000000 -1.861420
 0.000000 -2.278634 -0.212583  0.000000  0.000000  0.000000  0.000000
 0.000000 -0.631363 -0.406875  0.000000 -0.529401  0.000000  0.000000

 0.000000  0.000000  0.000000  0.000000  0.000000  0.000000  0.000000
 0.000000  0.000000 -0.915763  0.000000 -2.098830  0.000000  0.000000
 0.000000 -0.957496  0.000000  0.000000 -0.004509 -2.225313  0.000000
 0.000000 -0.823294  0.000000 -1.311630  0.000000 -1.068923  0.000000
 0.000000 -0.635786  0.000000 -0.515165 -1.651932  0.000000  0.000000
-1.271887  0.000000  0.000000  0.000000 -0.292581  0.000000  0.000000
-0.882768 -0.740859 -0.280210  0.000000  0.000000  0.000000  0.000000

 0.000000  0.000000  0.000000  0.000000  0.000000  0.000000  0.000000
 0.000000  0.000000 -1.920194  0.000000  0.000000  0.000000  0.000000
 0.000000  0.000000 -2.272697  0.000000 -0.233813  0.000000  0.000000
 0.000000 -1.269497 -0.349633 -1.450248 -3.113441  0.000000 -0.266377
 0.000000 -2.431169 -0.708037 -0.619207 -2.844712  0.000000 -0.844379
 0.000000 -0.537160 -0.236135  0.000000 -0.750151  0.000000 -1.537831
-0.216028 -0.387219  0.000000  0.000000  0.000000  0.000000 -2.133901

 0.000000  0.000000  0.000000  0.000000  0.000000  0.000000  0.000000
 0.000000 -1.596020 -0.378465  0.000000 -2.724701 -2.308512  0.000000
 0.000000 -1.000000 -1.464580 -0.309469 -1.408302 -2.917751  0.000000
 0.000000 -1.497414  0.000000 -2.050974 -1.012816 -2.540803 -0.944376
-0.257661 -0.924708  0.000000 -2.301830 -1.625123 -1.154642 -2.672003
-0.062004 -0.597185 -1.451306 -1.202277  0.000000 -0.194779 -1.581935
-0.137943 -0.650723 -0.311468 -1.258101  0.000000 -0.792843 -1.188276

 0.000000  0.000000  0.000000  0.000000  0.000000  0.000000  0.000000
 0.000000 -0.242640  0.000000 -3.336642 -0.340332 -2.031022  0.000000
 0.000000 -1.609156 -0.173102 -3.260758  0.000000 -0.535153 -1.859945
-1.519138  0.000000  0.000000  0.000000 -1.154582  0.000000 -2.388224
-0.151828 -1.099738  0.000000  0.000000 -0.653676  0.000000 -1.982618
 0.000000 -1.437107  0.000000  0.000000  0.000000  0.000000 -1.449931
 0.000000 -1.036411  0.000000  0.000000 -0.442348  0.000000 -0.054728

