dimensions 7 7 7

 2.998878  2.063533  1.920924 -3.069017 -3.249518  3.510116  1.370785
 0.000000 -1.651882  0.000000 -0.615773  0.000000  0.000000  0.000000
 0.000000 -2.860009 -0.800832  0.000000  0.000000  0.000000 -1.602975
-0.361133 -1.081146 -0.500500  0.000000 -0.435931  0.000000 -1.663475
 0.000000 -1.032411 -0.749368 -0.585077  0.000000 -0.431371 -2.454134
-1.152770 -0.876562 -0.548590 -0.231423  0.000000  0.000000 -0.866308
 0.000000  0.000000  0.000000  0.000000  0.000000  0.000000  0.000000

 1.308073 -4.498904 -1.714762 -0.712619 -3.888768 -4.662341  2.366352
-3.255310  0.000000 -0.021612 -2.807384 -2.953701 -1.346695 -0.437715
-2.037394  0.000000  0.000000 -2.946016  0.000000 -0.290007 -0.167320
 0.000000  0.000000 -0.820286 -0.992792  0.000000 -1.774371  0.000000
 0.000000 -1.083753 -0.435974  0.000000 -0.084656 -2.831061 -2.844441
 0.000000 -0.153040  0.000000  0.000000 -0.090132 -0.888881 -1.314801
 0.000000  0.000000  0.000000  0.000000  0.000000  0.000000  0.000000

 1.959926  1.069535  3.758327 -0.320056  0.087039 -0.708904 -6.327846
 0.000000  0.000000 -1.607206  0.000000  0.000000  0.000000 -2.809419
-0.151229 -0.430387  0.000000 -0.755983  0.000000 -2.218598  0.000000
-2.014549  0.000000  0.000000 -1.154030 -0.710747 -1.071315  0.000000
-1.336194  0.000000  0.000000 -1.173041 -0.942189 -1.546493 -0.288838
-0.914570  0.000000  0.000000 -0.908689  0.000000 -1.246783 -2.196426
 0.000000  0.000000  0.000000  0.000000  0.000000  0.000000  0.000000

-5.681287 -3.326829  2.699037 -3.105803  0.110467 -4.040101 -4.504756
-2.873681  0.000000 -2.167452 -0.575382  0.000000  0.000000 -1.920388
-3.279645  0.000000 -1.252421  0.000000 -0.310133  0.000000 -1.682730
-1.819111  0.000000 -0.618580  0.000000  0.000000 -2.141204 -0.145464
 0.000000 -0.208840 -0.212829 -2.174109  0.000000 -1.886470 -0.406092
 0.000000  0.000000  0.000000 -0.395828 -0.859249 -0.690274 -0.548111
 0.000000  0.000000  0.000000  0.000000  0.000000  0.000000  0.000000

-4.203554 -5.122445 -1.163343 -4.812683 -2.910613 -1.364028 -4.970132
-0.691967 -2.498184  0.000000 -1.237907  0.000000 -0.456259 -0.861119
-2.219168  0.000000  0.000000  0.000000  0.000000 -0.627801  0.000000
-1.617945  0.000000  0.000000  0.000000  0.000000 -0.298302  0.000000
-0.022807  0.000000  0.000000 -1.097027  0.000000 -0.170041  0.000000
 0.000000  0.000000 -0.986477 -1.537646 -1.331161 -0.463520  0.000000
 0.000000  0.000000  0.000000  0.000000  0.000000  0.000000  0.000000

 1.333966  3.567342 -1.128052 -2.036316  1.585301  0.250103 -6.743137
-4.353055  0.000000  0.000000  0.000000  0.000000  0.000000 -3.014208
-2.778775  0.000000 -1.106220  0.000000  0.000000  0.000000  0.000000
 0.000000  0.000000 -1.000679  0.000000  0.000000  0.000000  0.000000
 0.000000  0.000000  0.000000  0.000000 -0.592763  0.000000  0.000000
 0.000000  0.000000  0.000000  0.000000 -1.737276  0.000000  0.000000
 0.000000  0.000000  0.000000  0.000000  0.000000  0.000000  0.000000

-1.466262 -3.667277 -2.969074  1.164570  3.869509  2.931152 -3.203163
-0.396390  0.000000  0.000000  0.000000 -2.085388  0.000000  0.000000
 0.000000 -0.144337 -0.080594 -0.086434  0.000000 -1.320791  0.000000
 0.000000  0.000000 -1.137497 -1.909100  0.000000 -2.697181  0.000000
-1.103826  0.000000 -2.182777 -1.088028 -1.467023 -1.945410  0.000000
-2.000492  0.000000 -0.922690 -0.670616  0.000000 -1.675050  0.000000
 0.000000  0.000000  0.000000  0.000000  0.000000  0.000000  0.000000

